0 8
0 16
0 17
0 27
0 29
0 40
0 52
0 61
0 81
0 101
0 165
0 237
0 369
0 395
0 414
0 533
0 569
0 672
0 699
1 8
1 11
1 16
1 18
1 20
1 33
1 46
1 59
1 77
1 90
1 98
1 101
1 112
1 118
1 265
1 539
1 574
2 7
2 11
2 13
2 14
2 24
2 31
2 107
2 141
2 173
2 359
2 411
2 576
2 591
3 6
3 7
3 14
3 18
3 21
3 24
3 27
3 47
3 57
3 139
3 224
3 600
3 821
4 15
4 25
4 61
4 65
4 123
4 134
4 155
4 158
4 159
4 217
4 281
4 287
4 309
4 310
4 322
4 361
4 486
4 778
5 6
5 7
5 8
5 9
5 10
5 10
5 10
5 13
5 16
5 17
5 30
5 39
5 44
5 47
5 49
5 71
5 135
5 209
5 237
5 343
5 420
5 477
5 525
5 819
5 991
6 3
6 6
6 6
6 5
6 17
6 20
6 21
6 26
6 43
6 52
6 69
6 105
6 142
6 168
6 219
6 249
6 316
6 593
6 678
6 1000
7 3
7 5
7 2
7 9
7 22
7 23
7 30
7 42
7 68
7 71
7 181
7 455
7 475
7 581
7 691
7 724
7 890
8 1
8 5
8 0
8 29
8 31
8 38
8 45
8 65
8 94
8 116
8 396
8 489
8 628
8 717
9 5
9 9
9 9
9 7
9 12
9 12
9 13
9 15
9 24
9 25
9 28
9 34
9 105
9 124
9 124
9 136
9 154
9 241
9 269
9 431
10 5
10 5
10 5
10 12
10 15
10 20
10 21
10 28
10 33
10 45
10 48
10 54
10 56
10 64
10 93
10 122
10 129
10 324
10 578
10 829
11 2
11 11
11 11
11 1
11 18
11 22
11 36
11 58
11 92
11 193
11 297
11 488
11 565
11 585
12 9
12 9
12 10
12 28
12 96
12 106
12 152
12 213
12 250
12 256
12 482
12 747
12 824
12 970
13 2
13 5
13 9
13 19
13 35
13 38
13 87
13 298
13 358
13 444
13 445
13 635
14 2
14 3
14 14
14 14
14 23
14 25
14 42
14 45
14 51
14 60
14 65
14 131
14 141
14 152
14 184
14 223
14 262
14 282
14 612
14 804
14 852
15 4
15 10
15 9
15 19
15 22
15 33
15 56
15 76
15 87
15 113
15 193
15 212
15 464
15 966
16 1
16 0
16 5
16 26
16 26
16 49
16 58
16 59
16 72
16 89
16 93
16 241
16 372
16 420
16 943
16 964
17 6
17 5
17 0
17 19
17 40
17 184
17 248
17 304
17 313
17 349
17 842
17 934
18 3
18 1
18 11
18 38
18 39
18 46
18 47
18 62
18 63
18 79
18 94
18 125
18 153
18 205
18 278
18 821
19 17
19 15
19 13
19 62
19 67
19 171
19 180
19 294
19 559
19 625
19 697
20 10
20 6
20 1
20 23
20 81
20 117
20 120
20 153
20 192
20 229
20 231
20 288
20 334
20 342
20 355
20 457
20 687
21 10
21 3
21 6
21 27
21 50
21 60
21 63
21 67
21 68
21 121
21 140
21 205
21 957
22 15
22 11
22 7
22 32
22 37
22 39
22 77
22 78
22 110
22 118
22 160
22 203
22 235
22 249
22 264
22 804
23 14
23 7
23 20
23 50
23 53
23 55
23 97
23 156
23 158
23 274
23 289
23 409
23 518
23 716
23 907
23 961
24 3
24 2
24 9
24 32
24 34
24 37
24 37
24 41
24 53
24 115
24 191
24 308
24 442
24 552
25 4
25 9
25 14
25 52
25 263
25 278
25 397
25 428
25 469
25 485
25 669
25 691
26 16
26 6
26 16
26 29
26 32
26 58
26 81
26 111
26 133
26 145
26 291
26 312
26 810
27 21
27 0
27 3
27 30
27 196
27 254
27 311
27 419
27 459
27 475
27 487
27 617
27 790
27 842
27 964
28 10
28 9
28 12
28 46
28 56
28 114
28 218
28 403
28 668
28 752
29 8
29 26
29 0
29 31
29 35
29 44
29 119
29 187
29 296
29 337
29 552
29 553
29 580
30 7
30 27
30 5
30 35
30 40
30 41
30 101
30 118
30 125
30 136
30 185
30 352
30 462
30 551
31 8
31 29
31 2
31 43
31 82
31 95
31 395
31 508
31 701
32 24
32 22
32 26
32 34
32 36
32 48
32 61
32 70
32 89
32 233
32 247
32 276
32 329
32 831
33 1
33 15
33 10
33 42
33 130
33 222
33 313
33 502
34 9
34 24
34 32
34 36
34 50
34 60
34 64
34 85
34 161
34 408
34 492
34 940
35 30
35 29
35 13
35 43
35 53
35 64
35 145
35 319
35 399
35 437
35 996
36 11
36 34
36 32
36 54
36 103
36 311
36 333
36 516
36 739
36 745
37 24
37 22
37 24
37 41
37 70
37 87
37 109
37 117
37 141
37 163
37 392
37 423
37 887
38 13
38 8
38 18
38 92
38 107
38 119
38 129
38 130
38 178
38 339
38 487
38 499
38 693
38 906
39 22
39 5
39 18
39 63
39 75
39 80
39 138
39 165
39 278
39 321
39 388
39 550
39 612
39 616
39 643
39 885
39 931
40 17
40 0
40 30
40 49
40 51
40 54
40 67
40 104
40 146
40 155
40 239
40 258
40 306
40 407
40 449
40 451
40 502
40 524
40 679
41 37
41 30
41 24
41 55
41 91
41 95
41 371
42 7
42 33
42 14
42 44
42 57
42 198
42 678
42 863
42 941
43 35
43 31
43 6
43 48
43 111
43 163
43 188
43 384
43 515
43 655
43 823
44 29
44 42
44 5
44 55
44 57
44 93
44 208
44 497
44 506
44 747
44 779
45 10
45 14
45 8
45 85
45 171
45 215
45 372
45 407
45 453
45 557
45 649
45 828
46 28
46 18
46 1
46 75
46 83
46 291
46 385
46 485
46 527
46 649
46 893
47 3
47 18
47 5
47 66
47 82
47 157
47 244
47 271
47 340
47 356
47 523
47 537
47 660
47 984
48 43
48 32
48 10
48 62
48 115
48 236
48 333
48 454
48 585
48 695
49 16
49 40
49 5
49 70
49 72
49 77
49 79
49 138
49 142
49 505
49 543
49 647
49 653
49 749
49 979
50 34
50 21
50 23
50 51
50 94
50 109
50 144
50 147
50 185
50 261
50 307
50 904
50 977
51 50
51 14
51 40
51 121
51 126
51 207
51 252
51 315
51 476
52 0
52 25
52 6
52 69
52 108
52 110
52 128
52 135
52 191
52 284
52 363
52 420
52 577
52 778
53 35
53 24
53 23
53 69
53 161
53 162
53 222
53 314
53 324
53 613
53 755
53 986
54 36
54 10
54 40
54 83
54 86
54 162
54 247
54 340
54 641
55 41
55 23
55 44
55 59
55 66
55 116
55 148
55 178
55 186
55 194
55 200
55 425
55 472
56 28
56 15
56 10
56 76
56 76
56 161
56 467
56 563
56 892
57 44
57 42
57 3
57 74
57 91
57 103
57 124
57 137
57 139
57 149
57 283
57 549
57 640
58 26
58 11
58 16
58 73
58 82
58 84
58 92
58 149
58 164
58 405
58 457
58 560
58 562
58 595
58 785
59 16
59 55
59 1
59 111
59 173
59 381
59 586
59 637
59 792
60 21
60 14
60 34
60 71
60 321
60 361
60 518
60 849
60 889
61 4
61 0
61 32
61 199
61 210
61 220
61 325
61 364
61 452
61 897
62 19
62 48
62 18
62 115
62 121
62 325
62 326
62 446
62 554
62 826
63 39
63 21
63 18
63 73
63 99
63 233
63 238
63 329
63 374
63 527
63 531
63 932
63 978
64 34
64 35
64 10
64 74
64 120
64 183
64 281
64 480
64 820
64 992
65 4
65 14
65 8
65 66
65 68
65 72
65 103
65 290
65 374
65 422
65 725
65 933
65 986
66 55
66 65
66 47
66 74
66 214
66 264
66 327
66 485
67 40
67 21
67 19
67 75
67 100
67 245
67 346
67 370
68 21
68 7
68 65
68 84
68 134
68 280
68 521
68 528
68 646
68 781
69 52
69 6
69 53
69 80
69 80
69 96
69 110
69 147
69 165
69 188
69 293
69 347
69 463
69 472
69 547
69 654
69 667
69 717
69 740
70 32
70 49
70 37
70 73
70 88
70 143
70 175
70 196
70 395
70 554
71 5
71 7
71 60
71 84
71 97
71 132
71 136
71 154
71 156
71 172
71 229
71 275
71 432
71 465
71 737
71 837
72 65
72 16
72 49
72 78
72 127
72 140
72 150
72 174
72 175
72 226
72 230
72 491
72 501
72 538
72 795
73 58
73 70
73 63
73 122
73 143
73 144
73 399
73 759
73 997
74 57
74 64
74 66
74 78
74 89
74 98
74 99
74 112
74 154
74 158
74 206
74 341
74 359
74 359
74 430
74 522
74 622
74 639
74 757
74 786
75 67
75 39
75 46
75 126
75 214
75 246
75 461
75 547
75 664
76 56
76 56
76 15
76 79
76 108
76 137
76 176
76 215
76 232
76 237
76 297
76 375
76 645
77 22
77 1
77 49
77 88
77 95
77 108
77 130
77 182
77 201
77 231
77 300
77 324
77 347
77 410
77 502
78 22
78 74
78 72
78 83
78 90
78 91
78 98
78 189
78 192
78 251
78 255
78 268
78 290
79 49
79 18
79 76
79 128
79 152
79 603
79 934
80 69
80 69
80 39
80 88
80 97
80 109
80 208
80 308
81 26
81 20
81 0
81 86
81 86
81 117
81 204
81 323
81 337
81 403
81 427
81 631
81 641
81 883
82 58
82 47
82 31
82 100
82 102
82 104
82 113
82 144
82 169
82 214
82 271
82 478
82 871
82 978
83 46
83 78
83 54
83 112
83 198
83 220
83 433
83 486
83 624
83 926
84 71
84 58
84 68
84 85
84 159
84 227
84 253
84 317
84 325
84 501
84 766
85 84
85 45
85 34
85 131
85 132
85 147
85 211
85 219
85 312
85 902
86 81
86 81
86 54
86 176
86 272
86 277
86 335
86 400
86 857
87 15
87 37
87 13
87 90
87 99
87 137
87 168
87 181
87 191
87 265
87 335
87 363
87 437
87 474
87 589
87 636
87 715
87 836
87 901
88 77
88 80
88 70
88 162
88 190
88 318
88 335
88 452
88 470
88 941
89 32
89 16
89 74
89 96
89 209
89 277
89 338
89 398
89 1000
90 87
90 78
90 1
90 125
90 126
90 133
90 151
90 219
90 241
90 365
90 523
90 624
90 704
91 57
91 41
91 78
91 100
91 106
91 119
91 123
91 226
91 383
91 599
91 657
91 830
92 38
92 11
92 58
92 106
92 201
92 217
92 302
92 521
92 617
92 956
93 44
93 10
93 16
93 102
93 138
93 148
93 258
93 314
93 590
93 623
93 748
93 836
94 8
94 18
94 50
94 221
94 377
94 623
94 920
95 31
95 77
95 41
95 113
95 120
95 135
95 307
95 382
95 410
95 513
95 726
96 69
96 89
96 12
96 189
96 207
96 342
96 353
96 536
96 557
96 600
97 71
97 23
97 80
97 102
97 160
97 164
97 170
97 232
97 236
97 238
97 299
97 397
97 756
98 74
98 78
98 1
98 132
98 166
98 193
98 350
98 520
98 556
98 685
98 793
98 818
99 63
99 87
99 74
99 105
99 242
99 305
99 339
99 542
99 576
99 959
100 67
100 91
100 82
100 104
100 225
100 230
100 233
100 292
100 410
100 582
100 710
100 935
101 30
101 0
101 1
101 195
101 202
101 242
102 97
102 82
102 93
102 107
102 171
102 259
102 310
103 36
103 65
103 57
103 114
103 213
103 316
103 444
103 449
103 695
104 100
104 40
104 82
104 220
104 223
104 454
104 501
104 549
104 798
104 876
105 99
105 6
105 9
105 153
105 155
105 261
105 351
105 371
105 435
105 644
105 711
105 824
106 92
106 12
106 91
106 145
106 202
106 296
106 387
106 440
106 534
106 725
106 848
106 987
107 38
107 102
107 2
107 116
107 160
107 215
107 703
108 52
108 77
108 76
108 209
108 264
108 280
108 587
108 794
108 960
109 80
109 50
109 37
109 276
109 355
109 383
109 507
109 640
109 780
110 69
110 22
110 52
110 183
110 557
110 736
110 795
111 26
111 43
111 59
111 122
111 134
111 230
111 270
111 391
111 523
111 839
112 83
112 74
112 1
112 114
112 143
112 267
112 269
112 357
112 953
113 15
113 95
113 82
113 168
113 282
113 368
113 738
113 936
114 112
114 103
114 28
114 123
114 156
114 212
114 235
114 265
114 282
114 505
114 602
114 814
115 24
115 48
115 62
115 301
115 352
115 990
116 8
116 107
116 55
116 148
116 305
116 328
116 344
116 370
116 386
116 537
117 20
117 37
117 81
117 128
117 257
117 423
117 618
117 737
117 859
118 1
118 22
118 30
118 127
118 179
118 206
118 240
118 510
118 611
118 838
118 899
119 38
119 29
119 91
119 385
119 470
119 493
119 532
119 656
120 20
120 95
120 64
120 174
120 297
120 799
120 951
121 51
121 62
121 21
121 150
121 159
121 300
121 391
121 396
121 504
121 565
121 592
121 734
121 739
121 834
122 10
122 73
122 111
122 172
122 213
122 299
122 457
122 747
123 114
123 4
123 91
123 240
123 372
123 388
123 961
124 57
124 9
124 9
124 133
124 157
124 163
124 304
124 388
124 491
124 525
124 878
124 884
124 974
125 90
125 30
125 18
125 129
125 131
125 150
125 263
125 456
125 460
125 657
125 709
125 958
126 51
126 75
126 90
126 632
126 773
126 828
127 72
127 118
127 127
127 127
127 149
127 196
127 283
127 330
127 393
127 443
127 730
128 117
128 52
128 79
128 305
128 364
128 417
128 516
128 728
129 125
129 38
129 10
129 142
129 170
129 175
129 235
129 402
129 707
129 743
129 884
130 38
130 33
130 77
130 151
130 172
130 190
130 291
130 638
130 669
130 816
131 14
131 85
131 125
131 198
131 239
131 378
131 434
131 600
131 671
131 913
132 71
132 98
132 85
132 229
132 251
132 285
132 610
132 627
132 728
133 124
133 90
133 26
133 347
133 362
133 424
134 111
134 68
134 4
134 139
134 166
134 379
134 550
134 735
134 825
135 52
135 95
135 5
135 140
135 228
135 436
135 577
135 983
136 71
136 30
136 9
136 146
136 216
136 231
136 441
136 870
137 87
137 76
137 57
137 650
138 49
138 39
138 93
138 199
138 261
138 373
138 912
139 3
139 134
139 57
139 174
139 200
139 415
139 648
139 713
139 756
139 898
140 135
140 72
140 21
140 146
140 169
140 186
140 187
140 248
140 436
140 614
140 671
141 2
141 37
141 14
141 177
141 256
141 401
141 427
141 466
141 776
142 129
142 49
142 6
142 183
142 733
143 73
143 112
143 70
143 151
143 178
143 180
143 342
143 447
143 590
144 73
144 82
144 50
144 251
144 464
144 870
144 983
145 26
145 35
145 106
145 221
145 259
145 263
145 270
145 356
145 361
145 364
145 478
145 772
145 858
145 934
145 957
146 140
146 40
146 136
146 190
146 293
146 313
146 608
146 939
147 85
147 50
147 69
147 275
147 295
147 332
147 367
147 371
147 389
147 407
147 774
148 116
148 55
148 93
148 266
148 295
148 301
148 496
148 740
148 972
149 58
149 57
149 127
149 177
149 236
149 503
150 72
150 125
150 121
150 157
150 218
150 257
150 322
150 510
150 522
151 143
151 90
151 130
151 197
151 232
151 244
151 367
151 369
151 500
151 661
152 12
152 79
152 14
152 173
152 636
153 20
153 105
153 18
153 218
153 240
153 262
153 273
153 466
153 484
153 511
153 530
154 74
154 71
154 9
154 226
154 727
155 40
155 105
155 4
155 182
155 272
155 284
155 422
155 540
155 650
155 945
156 114
156 23
156 71
156 167
156 411
156 544
156 910
157 150
157 47
157 124
157 170
157 246
157 298
157 302
157 458
158 4
158 74
158 23
158 179
158 206
158 227
158 329
158 378
158 561
158 763
159 4
159 121
159 84
159 252
159 266
159 294
159 319
160 107
160 22
160 97
160 164
160 239
160 463
160 561
160 575
160 726
160 772
160 785
161 34
161 56
161 53
161 166
161 225
161 604
162 54
162 88
162 53
162 179
162 199
162 258
162 346
162 711
162 876
162 939
163 43
163 37
163 124
163 331
164 97
164 58
164 160
164 167
164 167
164 169
164 184
164 243
164 450
164 505
164 589
164 651
164 723
165 0
165 39
165 69
165 188
165 197
165 205
165 497
165 514
166 98
166 134
166 161
166 268
166 385
166 940
167 164
167 156
167 164
167 176
167 248
167 357
167 575
167 809
167 894
168 6
168 113
168 87
168 201
168 238
168 434
168 497
168 581
169 164
169 140
169 82
169 182
169 504
169 813
169 839
170 97
170 157
170 129
170 180
170 234
170 249
170 350
170 573
170 634
171 19
171 102
171 45
171 260
171 543
171 621
171 910
172 122
172 71
172 130
172 177
172 591
172 625
172 693
173 59
173 2
173 152
173 181
173 348
173 376
173 465
173 925
173 956
174 120
174 139
174 72
174 189
174 394
174 418
174 503
174 545
174 626
174 777
174 797
175 72
175 70
175 129
175 186
175 195
175 208
175 228
175 270
175 273
175 345
175 659
176 76
176 86
176 167
176 222
176 334
176 376
176 441
176 509
177 172
177 149
177 141
177 187
177 194
177 243
177 515
177 534
177 845
177 1001
178 55
178 38
178 143
178 194
178 390
178 489
178 513
178 805
178 906
179 162
179 118
179 158
179 216
179 274
179 275
179 310
179 356
179 730
179 945
180 170
180 143
180 19
180 362
180 403
180 417
180 450
180 478
180 654
180 846
180 861
180 991
181 87
181 7
181 173
181 185
181 243
181 290
181 308
181 660
182 155
182 77
182 169
182 203
182 415
182 418
182 579
183 142
183 64
183 110
183 210
183 484
183 938
184 17
184 14
184 164
184 252
185 50
185 181
185 30
185 192
185 546
185 682
186 55
186 140
186 175
186 200
186 279
186 429
186 458
186 487
186 601
186 714
187 140
187 177
187 29
187 309
187 862
188 165
188 43
188 69
188 317
188 366
188 475
188 516
188 799
188 857
189 78
189 174
189 96
189 195
189 322
189 333
189 389
189 402
189 599
189 914
189 971
190 130
190 146
190 88
190 289
190 396
190 455
190 711
190 750
191 52
191 24
191 87
191 202
191 204
191 250
191 354
191 428
191 541
191 588
191 805
192 185
192 20
192 78
192 207
192 224
192 234
192 245
192 330
192 336
192 408
192 519
192 671
193 11
193 15
193 98
193 212
193 300
193 406
193 481
193 541
193 1005
194 177
194 55
194 178
194 320
194 664
194 674
195 175
195 189
195 101
195 989
196 127
196 70
196 27
196 210
196 217
196 228
196 285
196 494
196 529
196 667
196 853
196 858
196 864
196 874
197 151
197 197
197 197
197 165
197 253
197 390
197 889
198 131
198 42
198 83
198 242
198 260
198 274
198 360
198 421
198 572
198 817
199 138
199 61
199 162
199 315
199 317
199 348
199 398
199 517
199 636
200 139
200 55
200 186
200 283
200 418
200 701
201 168
201 77
201 92
201 203
201 204
201 247
201 292
201 334
201 353
202 191
202 106
202 101
202 223
202 224
202 246
202 331
202 476
202 724
202 777
203 201
203 22
203 182
203 211
203 260
203 267
203 271
203 340
203 373
204 81
204 201
204 191
204 514
204 573
205 21
205 165
205 18
205 225
205 406
205 574
205 672
205 760
205 827
206 74
206 158
206 118
206 448
207 51
207 192
207 96
207 211
207 321
207 338
207 830
208 175
208 80
208 44
208 216
209 108
209 89
209 5
209 323
209 468
209 719
209 768
209 900
210 183
210 61
210 196
210 409
210 477
210 493
210 764
210 779
211 85
211 207
211 203
211 327
211 343
212 193
212 114
212 15
212 436
212 495
212 539
212 884
213 103
213 12
213 122
213 349
213 528
213 779
214 82
214 75
214 66
214 292
214 294
214 948
215 45
215 76
215 107
215 221
215 522
215 630
215 882
216 136
216 179
216 208
216 234
216 285
216 287
216 348
216 496
216 592
216 967
217 92
217 4
217 196
217 277
217 311
217 700
217 734
217 903
218 28
218 153
218 150
218 254
218 383
218 614
218 758
218 766
219 6
219 90
219 85
219 312
219 373
219 854
220 61
220 104
220 83
220 244
220 367
220 405
220 422
221 94
221 215
221 145
221 350
222 33
222 176
222 53
222 227
222 255
222 303
222 326
222 339
222 558
223 202
223 14
223 104
223 633
223 690
223 767
223 937
224 202
224 192
224 3
224 273
224 529
224 542
224 677
225 161
225 205
225 100
225 256
225 480
225 499
225 544
225 551
226 91
226 154
226 72
226 262
226 834
226 993
227 158
227 84
227 222
227 353
227 833
227 866
228 135
228 175
228 196
228 257
228 279
228 467
228 1004
229 132
229 20
229 71
229 279
229 417
229 434
229 548
230 72
230 111
230 100
230 269
230 286
230 465
230 589
230 731
230 902
230 997
231 136
231 77
231 20
231 332
231 630
231 640
231 819
231 893
232 76
232 97
232 151
232 532
232 881
233 63
233 100
233 32
233 245
233 266
233 328
233 387
234 170
234 192
234 216
234 250
234 318
234 650
234 982
235 129
235 22
235 114
235 268
235 299
235 301
235 606
235 796
236 48
236 97
236 149
236 255
236 380
236 546
237 0
237 76
237 5
237 413
237 526
237 568
237 803
238 63
238 168
238 97
238 307
238 689
239 160
239 131
239 40
239 435
239 440
239 605
239 606
239 670
240 118
240 123
240 153
240 492
241 16
241 90
241 9
241 428
241 566
241 569
241 654
242 99
242 198
242 101
242 303
242 318
242 365
242 387
242 486
242 588
242 641
242 793
243 181
243 164
243 177
243 462
243 638
244 220
244 47
244 151
244 259
244 288
244 384
244 558
244 584
244 622
244 920
245 233
245 192
245 67
245 254
245 382
245 837
245 866
246 202
246 157
246 75
246 473
246 524
246 761
247 32
247 201
247 54
247 284
247 286
247 470
247 760
247 931
248 140
248 167
248 17
248 306
248 639
248 928
249 170
249 6
249 22
249 612
249 706
249 824
250 234
250 191
250 12
250 459
250 669
250 808
251 144
251 78
251 132
251 362
251 471
251 481
252 51
252 159
252 184
252 253
252 276
252 462
252 695
253 84
253 252
253 197
253 667
253 911
253 920
253 955
253 988
254 27
254 245
254 218
254 289
254 374
254 512
254 928
254 943
255 222
255 236
255 78
255 368
255 432
255 772
255 882
256 225
256 12
256 141
256 314
256 360
256 380
256 631
256 682
256 804
257 228
257 117
257 150
257 280
257 460
257 663
257 672
257 673
257 815
258 162
258 93
258 40
258 288
258 426
258 453
258 595
258 713
259 102
259 145
259 244
259 587
259 618
259 642
260 203
260 171
260 198
260 493
260 670
260 707
261 138
261 50
261 105
261 341
261 656
261 904
261 975
262 153
262 226
262 14
262 272
262 683
263 25
263 145
263 125
263 345
263 452
263 517
263 685
263 723
263 769
263 823
264 108
264 22
264 66
265 114
265 1
265 87
265 634
265 687
266 159
266 233
266 148
266 267
266 521
267 112
267 266
267 203
267 281
267 338
267 846
268 166
268 78
268 235
268 330
268 710
268 969
269 230
269 112
269 9
269 323
269 382
269 490
269 721
269 759
270 111
270 145
270 175
270 287
270 293
270 576
270 623
270 734
270 741
271 47
271 82
271 203
271 286
271 303
271 384
271 507
271 627
272 86
272 155
272 262
272 295
272 354
272 949
272 963
273 224
273 153
273 175
273 614
273 733
273 767
274 179
274 23
274 198
274 328
274 401
274 610
275 71
275 147
275 179
275 604
275 708
275 751
275 841
276 32
276 252
276 109
276 346
277 217
277 89
277 86
277 425
277 498
277 723
278 25
278 39
278 18
278 386
278 473
278 549
278 867
278 912
278 929
279 228
279 229
279 186
279 298
279 351
279 456
279 694
279 765
280 257
280 108
280 68
280 453
280 464
280 968
281 267
281 4
281 64
281 366
282 114
282 14
282 113
282 306
282 496
282 509
282 526
282 648
283 57
283 127
283 200
283 358
283 458
283 491
283 702
283 783
283 921
284 155
284 52
284 247
284 519
284 645
284 719
284 954
285 196
285 216
285 132
285 377
285 399
285 713
285 775
286 230
286 271
286 247
286 368
286 409
286 881
286 930
287 216
287 270
287 4
287 621
287 652
287 688
287 788
288 258
288 244
288 20
288 413
288 483
288 843
289 23
289 254
289 190
289 326
289 402
289 563
289 566
289 601
289 673
289 974
290 65
290 78
290 181
290 320
290 352
290 455
290 533
290 562
290 673
290 689
291 130
291 26
291 46
291 336
291 419
291 570
291 607
291 758
292 201
292 100
292 214
292 379
292 416
292 424
293 146
293 69
293 270
293 483
293 520
293 738
294 159
294 214
294 19
294 431
294 721
294 789
294 922
295 147
295 148
295 272
295 296
295 302
295 358
295 596
295 708
295 741
295 835
296 295
296 29
296 106
296 397
296 537
296 1003
297 11
297 120
297 76
297 309
297 337
297 441
297 495
297 887
298 13
298 279
298 157
298 419
298 474
298 539
298 540
298 551
298 586
298 618
298 677
299 235
299 122
299 97
299 343
299 518
299 598
300 77
300 121
300 193
300 444
300 869
300 915
301 148
301 115
301 235
301 304
301 336
301 345
302 92
302 157
302 295
302 788
303 222
303 242
303 271
303 375
303 469
304 17
304 124
304 301
304 316
304 720
305 116
305 128
305 99
305 315
305 320
305 461
306 40
306 282
306 248
306 369
306 681
306 836
307 238
307 50
307 95
308 181
308 24
308 80
308 404
308 653
308 762
309 187
309 297
309 4
309 621
309 739
309 965
310 102
310 179
310 4
310 404
310 577
310 675
310 722
311 36
311 217
311 27
311 319
311 629
311 676
312 219
312 85
312 26
312 381
312 389
312 412
312 413
312 837
313 146
313 33
313 17
313 608
313 657
313 712
313 801
314 256
314 53
314 93
314 331
314 984
315 305
315 51
315 199
315 512
315 550
315 580
316 304
316 103
316 6
316 344
316 357
316 528
316 692
317 199
317 84
317 188
317 412
317 615
318 242
318 88
318 234
318 349
318 351
318 519
319 35
319 159
319 311
319 365
319 394
319 437
319 954
320 305
320 194
320 290
320 379
320 429
320 681
320 690
320 732
320 852
320 902
320 938
321 207
321 60
321 39
321 341
321 416
321 471
321 978
322 189
322 4
322 150
322 377
323 209
323 269
323 81
323 327
323 332
323 425
323 697
323 852
324 77
324 53
324 10
324 391
324 498
324 567
324 585
324 646
324 757
325 84
325 61
325 62
325 392
325 411
325 445
325 633
325 965
326 222
326 289
326 62
326 658
326 781
326 897
326 923
327 66
327 211
327 323
327 344
327 504
327 802
327 826
327 948
328 274
328 116
328 233
328 488
328 619
328 770
328 872
329 63
329 158
329 32
329 355
329 443
329 530
329 950
330 192
330 127
330 268
330 375
330 439
330 520
331 163
331 314
331 202
331 376
331 432
331 531
331 865
332 323
332 231
332 147
332 490
332 678
332 718
333 48
333 36
333 189
333 380
333 404
333 506
333 555
334 20
334 176
334 201
334 815
335 88
335 86
335 87
335 398
335 989
336 301
336 192
336 291
336 360
336 405
336 606
336 765
337 29
337 297
337 81
337 354
337 742
337 831
337 885
338 267
338 89
338 207
338 363
338 515
338 626
338 743
339 38
339 99
339 222
339 381
339 466
339 561
340 54
340 47
340 203
340 594
340 855
340 947
341 321
341 74
341 261
341 694
342 96
342 20
342 143
342 393
342 500
342 860
343 299
343 211
343 5
343 386
343 447
343 471
343 668
343 761
343 800
343 981
344 327
344 316
344 116
344 433
344 448
344 467
344 642
345 301
345 263
345 175
345 370
345 392
345 663
346 276
346 67
346 162
346 443
346 872
346 899
347 77
347 133
347 69
347 378
347 593
347 768
347 892
348 216
348 199
348 173
348 414
348 479
348 722
349 318
349 213
349 17
349 416
349 683
350 221
350 170
350 98
350 498
350 890
351 318
351 279
351 105
351 433
351 451
351 628
351 710
351 736
351 838
351 959
352 115
352 290
352 30
352 670
353 227
353 201
353 96
353 891
354 337
354 191
354 272
354 400
354 401
354 647
354 707
354 898
355 109
355 20
355 329
356 145
356 179
356 47
356 624
357 112
357 316
357 167
357 366
357 531
358 13
358 295
358 283
358 629
358 756
358 810
358 870
359 74
359 2
359 74
359 408
360 256
360 336
360 198
360 510
360 545
360 545
360 547
361 4
361 145
361 60
361 468
361 686
361 705
362 133
362 180
362 251
362 421
362 439
362 603
362 800
362 983
363 87
363 338
363 52
363 690
363 724
363 771
363 812
364 145
364 61
364 128
364 495
364 567
364 586
364 588
365 319
365 242
365 90
365 412
366 281
366 357
366 188
366 393
366 490
366 869
367 220
367 147
367 151
367 552
367 783
368 286
368 255
368 113
368 430
368 463
368 469
368 482
368 484
368 597
368 827
369 151
369 306
369 0
369 415
369 456
369 976
369 1004
370 67
370 345
370 116
370 572
370 718
370 792
370 825
370 925
371 41
371 105
371 147
371 446
371 517
371 582
371 637
371 877
372 45
372 123
372 16
372 780
373 203
373 138
373 219
374 65
374 63
374 254
375 330
375 303
375 76
375 406
375 584
375 627
375 628
375 982
376 176
376 173
376 331
376 525
377 94
377 322
377 285
377 442
377 489
378 347
378 131
378 158
378 492
378 601
379 134
379 292
379 320
379 494
379 605
379 729
379 735
379 748
379 874
380 333
380 236
380 256
380 390
381 312
381 339
381 59
381 482
381 590
381 680
381 715
381 721
381 849
381 942
382 245
382 95
382 269
382 430
383 91
383 218
383 109
383 477
383 507
383 658
383 735
383 887
383 967
384 43
384 244
384 271
384 429
384 438
384 728
385 119
385 46
385 166
385 442
385 770
385 901
385 907
386 343
386 278
386 116
386 743
387 106
387 242
387 233
387 506
387 958
387 975
388 123
388 39
388 124
388 593
388 665
388 768
388 999
389 147
389 312
389 189
389 414
390 178
390 380
390 197
390 630
390 764
391 121
391 324
391 111
391 598
391 611
391 662
391 700
391 762
392 37
392 345
392 325
392 394
392 454
392 555
393 127
393 366
393 342
393 479
393 580
393 871
394 174
394 319
394 392
394 435
394 613
395 0
395 70
395 31
395 529
396 190
396 8
396 121
396 535
396 661
396 807
396 848
396 895
397 25
397 97
397 296
397 400
397 421
397 440
397 448
397 616
398 335
398 199
398 89
398 481
398 488
398 513
398 555
398 906
398 930
399 73
399 285
399 35
399 892
399 980
400 86
400 397
400 354
400 424
400 431
400 733
401 354
401 274
401 141
402 289
402 129
402 189
402 438
402 494
402 575
403 81
403 180
403 28
403 427
403 439
403 572
403 817
404 308
404 333
404 310
404 426
404 564
404 784
405 58
405 220
405 336
405 509
405 571
405 594
406 375
406 193
406 205
406 979
407 147
407 40
407 45
407 426
407 511
407 608
407 909
408 34
408 359
408 192
408 541
408 602
409 286
409 23
409 210
409 445
409 461
409 945
410 100
410 95
410 77
410 578
410 683
410 789
410 798
411 156
411 2
411 325
411 546
411 943
412 312
412 365
412 317
412 591
412 639
412 803
412 861
413 237
413 312
413 288
413 544
413 818
413 859
414 348
414 389
414 0
414 806
414 841
414 850
414 951
415 369
415 139
415 182
415 423
415 688
415 962
416 349
416 292
416 321
416 459
416 473
416 536
417 180
417 229
417 128
417 661
417 698
418 200
418 182
418 174
418 535
419 27
419 291
419 298
419 620
419 638
419 652
419 1000
420 16
420 52
420 5
420 527
420 875
420 901
420 940
421 362
421 397
421 198
421 947
422 65
422 155
422 220
422 569
422 649
423 117
423 37
423 415
423 581
423 632
424 133
424 292
424 400
424 450
424 715
424 786
425 55
425 323
425 277
425 533
426 404
426 258
426 407
426 554
426 851
427 81
427 403
427 141
427 438
427 596
427 617
427 634
427 732
427 847
428 191
428 25
428 241
428 620
428 688
429 320
429 384
429 186
429 853
430 382
430 74
430 368
430 877
431 9
431 294
431 400
431 446
432 331
432 71
432 255
432 573
432 944
433 351
433 344
433 83
433 764
434 168
434 229
434 131
434 480
434 514
434 635
435 105
435 239
435 394
435 451
435 472
435 818
436 140
436 212
436 135
436 474
436 540
436 564
436 704
436 706
436 816
437 87
437 35
437 319
437 615
437 808
438 402
438 384
438 427
438 603
439 330
439 403
439 362
439 556
439 751
440 106
440 239
440 397
440 499
440 538
440 609
440 813
440 955
441 136
441 297
441 176
442 24
442 377
442 385
442 447
442 910
443 346
443 329
443 127
443 449
443 750
444 13
444 103
444 300
444 535
444 699
444 750
444 791
445 325
445 13
445 409
445 822
446 62
446 371
446 431
446 500
446 908
447 343
447 143
447 442
447 560
447 682
447 684
447 712
447 835
448 206
448 397
448 344
448 915
449 103
449 443
449 40
449 565
449 566
449 574
449 626
449 696
449 866
449 914
450 180
450 164
450 424
450 645
450 993
451 435
451 351
451 40
452 88
452 61
452 263
452 559
452 744
452 963
453 258
453 280
453 45
453 468
453 503
453 722
454 104
454 48
454 392
454 684
454 988
455 190
455 290
455 7
455 802
456 125
456 369
456 279
456 530
456 568
456 895
456 947
457 122
457 58
457 20
457 460
458 157
458 283
458 186
458 716
458 979
459 250
459 27
459 416
459 558
459 716
459 810
459 912
460 125
460 457
460 257
461 305
461 75
461 409
461 479
461 692
462 30
462 252
462 243
462 698
462 789
463 160
463 69
463 368
463 773
464 144
464 280
464 15
464 999
465 173
465 230
465 71
465 632
465 844
465 918
465 992
466 339
466 153
466 141
466 532
466 542
466 831
467 228
467 344
467 56
467 476
467 811
467 820
468 209
468 361
468 453
468 658
469 25
469 303
469 368
469 567
469 620
469 665
469 865
469 869
470 88
470 119
470 247
470 702
471 343
471 251
471 321
471 828
472 435
472 69
472 55
472 689
473 416
473 278
473 246
473 543
474 436
474 87
474 298
474 483
474 526
474 675
474 757
474 885
474 936
474 971
475 27
475 7
475 188
475 749
476 51
476 467
476 202
477 5
477 383
477 210
477 895
478 145
478 82
478 180
478 662
479 348
479 393
479 461
479 781
480 64
480 434
480 225
480 534
480 686
480 760
481 251
481 398
481 193
481 597
481 659
481 969
482 368
482 12
482 381
482 559
483 288
483 293
483 474
484 183
484 153
484 368
484 562
485 66
485 25
485 46
485 662
485 812
486 83
486 242
486 4
486 592
486 732
486 834
487 27
487 38
487 186
487 815
487 941
488 328
488 11
488 398
488 595
488 703
488 738
488 819
489 377
489 178
489 8
489 720
489 825
490 366
490 332
490 269
490 508
491 72
491 283
491 124
492 378
492 240
492 34
492 587
492 797
493 210
493 260
493 119
493 851
494 379
494 196
494 402
494 512
495 212
495 364
495 297
495 613
495 700
495 980
496 282
496 148
496 216
496 697
496 929
497 165
497 168
497 44
497 868
497 998
498 277
498 350
498 324
498 712
498 903
499 225
499 38
499 440
499 511
499 619
499 1002
500 342
500 446
500 151
500 508
500 548
500 560
501 104
501 72
501 84
501 568
501 676
501 787
502 33
502 77
502 40
503 174
503 149
503 453
503 536
503 911
504 169
504 121
504 327
504 727
505 164
505 114
505 49
505 651
505 844
505 856
506 44
506 333
506 387
506 652
506 880
507 383
507 271
507 109
507 826
508 500
508 31
508 490
508 615
508 752
508 905
509 176
509 282
509 405
509 699
510 118
510 150
510 360
510 538
510 583
511 407
511 499
511 153
511 582
511 962
512 254
512 315
512 494
512 660
513 95
513 398
513 178
513 583
514 434
514 165
514 204
514 524
515 338
515 43
515 177
516 128
516 188
516 36
516 843
517 371
517 263
517 199
517 666
518 60
518 23
518 299
518 553
518 880
518 964
519 192
519 318
519 284
519 609
519 659
519 822
520 98
520 330
520 293
520 604
521 68
521 92
521 266
521 643
522 215
522 150
522 74
522 656
523 111
523 47
523 90
523 740
523 987
524 246
524 40
524 514
524 548
524 553
524 648
524 701
524 830
525 376
525 5
525 124
525 883
526 237
526 282
526 474
526 698
527 420
527 63
527 46
527 556
527 599
527 765
527 1003
528 316
528 213
528 68
529 196
529 224
529 395
530 153
530 456
530 329
530 642
530 729
530 967
531 63
531 357
531 331
531 631
531 878
532 232
532 466
532 119
533 425
533 0
533 290
533 597
533 674
533 835
534 177
534 480
534 106
534 644
534 927
534 993
535 396
535 444
535 418
535 928
536 96
536 416
536 503
536 625
537 296
537 47
537 116
538 440
538 510
538 72
538 594
538 635
538 675
539 212
539 1
539 298
539 564
539 647
539 726
539 742
540 298
540 436
540 155
540 579
541 193
541 408
541 191
541 584
541 896
542 99
542 224
542 466
542 571
542 685
542 879
543 473
543 49
543 171
543 674
544 413
544 225
544 156
544 611
544 761
544 766
545 174
545 360
545 360
545 644
545 746
545 889
545 922
546 185
546 411
546 236
546 693
546 788
547 75
547 360
547 69
547 610
547 754
548 524
548 500
548 229
548 563
549 278
549 57
549 104
549 570
549 651
549 861
550 39
550 134
550 315
551 298
551 30
551 225
552 24
552 367
552 29
552 696
553 29
553 518
553 524
554 62
554 426
554 70
554 616
554 855
555 333
555 392
555 398
556 439
556 527
556 98
556 655
556 754
556 876
557 96
557 110
557 45
557 583
557 666
557 867
558 459
558 222
558 244
558 570
558 717
558 949
558 984
559 482
559 452
559 19
560 58
560 447
560 500
560 571
560 951
561 158
561 339
561 160
561 960
562 484
562 290
562 58
562 605
563 548
563 289
563 56
563 607
563 629
563 919
564 539
564 436
564 404
564 820
564 848
565 449
565 11
565 121
565 679
565 679
565 714
565 948
566 289
566 449
566 241
566 844
566 893
567 324
567 469
567 364
567 753
567 832
568 501
568 456
568 237
568 619
568 871
569 241
569 0
569 422
569 609
569 927
570 291
570 549
570 558
570 719
570 977
571 405
571 560
571 542
572 198
572 403
572 370
572 578
573 170
573 432
573 204
573 579
573 676
573 868
573 1005
574 449
574 1
574 205
574 918
575 402
575 167
575 160
576 270
576 2
576 99
577 310
577 135
577 52
577 785
577 833
578 10
578 410
578 572
578 602
578 801
579 182
579 540
579 573
579 725
580 315
580 29
580 393
580 998
581 168
581 423
581 7
581 653
582 511
582 371
582 100
582 949
583 510
583 513
583 557
584 541
584 375
584 244
585 324
585 48
585 11
585 596
585 622
585 798
586 298
586 59
586 364
586 708
586 759
586 890
587 259
587 492
587 108
587 607
587 655
587 666
588 191
588 242
588 364
588 598
588 727
588 973
588 1005
589 164
589 87
589 230
590 93
590 143
590 381
590 987
591 2
591 412
591 172
592 216
592 121
592 486
592 752
592 782
592 867
593 347
593 6
593 388
593 917
594 405
594 340
594 538
594 958
595 58
595 258
595 488
595 718
595 807
595 944
595 968
596 295
596 585
596 427
596 720
596 872
597 533
597 481
597 368
597 668
598 588
598 299
598 391
598 705
599 189
599 91
599 527
599 745
599 886
600 3
600 131
600 96
601 289
601 186
601 378
601 803
602 408
602 578
602 114
603 79
603 362
603 438
604 275
604 161
604 520
604 994
605 562
605 239
605 379
605 742
606 336
606 239
606 235
606 960
607 587
607 291
607 563
607 792
608 146
608 313
608 407
608 714
609 440
609 519
609 569
609 633
609 663
609 729
609 957
610 274
610 547
610 132
610 807
610 847
611 544
611 391
611 118
612 249
612 14
612 39
612 905
613 495
613 394
613 53
613 637
613 783
613 1002
614 218
614 140
614 273
614 863
614 888
615 437
615 508
615 317
615 680
615 938
615 1003
616 397
616 39
616 554
616 703
616 845
617 427
617 27
617 92
617 736
617 880
617 914
618 259
618 298
618 117
618 888
618 900
618 924
619 568
619 328
619 499
620 419
620 469
620 428
620 937
620 942
621 287
621 171
621 309
621 935
622 244
622 74
622 585
622 853
623 270
623 93
623 94
623 769
623 975
624 90
624 356
624 83
625 172
625 19
625 536
625 706
626 174
626 449
626 338
626 840
627 375
627 132
627 271
627 643
627 646
627 838
628 8
628 351
628 375
629 358
629 563
629 311
630 390
630 231
630 215
631 81
631 531
631 256
631 702
631 799
632 126
632 465
632 423
633 325
633 223
633 609
633 794
633 839
633 946
634 170
634 265
634 427
634 664
635 13
635 434
635 538
635 686
635 850
635 911
636 199
636 152
636 87
636 935
637 613
637 59
637 371
637 691
638 419
638 243
638 130
638 850
639 412
639 74
639 248
640 109
640 57
640 231
640 801
640 827
640 915
641 81
641 242
641 54
641 694
641 709
641 952
641 976
642 530
642 344
642 259
642 767
642 829
642 898
643 627
643 521
643 39
643 753
643 854
644 105
644 534
644 545
644 704
644 847
644 854
645 450
645 284
645 76
645 775
645 894
646 627
646 68
646 324
646 681
646 684
646 731
646 806
646 809
647 49
647 354
647 539
647 709
647 814
647 894
647 1001
648 524
648 139
648 282
648 931
648 954
649 422
649 45
649 46
649 840
650 137
650 234
650 155
651 549
651 505
651 164
652 419
652 287
652 506
652 771
652 800
652 808
653 581
653 49
653 308
654 69
654 241
654 180
655 556
655 43
655 587
655 680
655 959
656 261
656 522
656 119
656 776
656 864
657 313
657 125
657 91
657 665
657 745
658 326
658 383
658 468
658 692
658 755
659 175
659 519
659 481
659 822
659 881
660 181
660 512
660 47
661 151
661 396
661 417
661 705
661 796
661 849
661 939
662 478
662 485
662 391
663 609
663 345
663 257
663 771
663 924
663 995
664 75
664 194
664 634
664 774
664 840
664 883
664 937
665 388
665 657
665 469
665 677
665 976
666 587
666 517
666 557
666 921
667 69
667 196
667 253
667 913
668 28
668 597
668 343
669 250
669 25
669 130
669 696
669 770
670 352
670 260
670 239
670 748
671 140
671 192
671 131
671 777
672 257
672 205
672 0
672 746
672 794
673 290
673 257
673 289
673 842
673 981
674 533
674 194
674 543
674 784
675 474
675 310
675 538
675 776
675 992
676 501
676 311
676 573
677 224
677 665
677 298
677 860
678 6
678 42
678 332
678 744
678 775
678 796
678 797
678 805
679 565
679 40
679 565
679 965
680 615
680 655
680 381
680 919
680 932
681 646
681 320
681 306
681 687
681 811
682 185
682 256
682 447
683 262
683 349
683 410
684 447
684 454
684 646
684 763
685 98
685 542
685 263
686 480
686 635
686 361
686 813
687 20
687 681
687 265
687 786
687 791
687 888
688 428
688 287
688 415
688 790
689 238
689 472
689 290
689 749
689 823
690 363
690 223
690 320
691 25
691 7
691 637
692 316
692 461
692 658
692 753
692 817
692 875
693 546
693 38
693 172
694 279
694 341
694 641
694 856
695 252
695 103
695 48
695 737
696 669
696 449
696 552
696 841
696 886
697 19
697 496
697 323
697 790
697 843
698 526
698 417
698 462
699 509
699 0
699 444
699 946
700 391
700 217
700 495
700 811
701 31
701 524
701 200
701 973
701 997
702 631
702 283
702 470
702 944
703 107
703 488
703 616
704 436
704 644
704 90
704 873
705 661
705 598
705 361
705 782
706 436
706 625
706 249
707 129
707 354
707 260
707 730
708 275
708 295
708 586
708 751
708 773
708 903
709 647
709 125
709 641
709 787
710 100
710 268
710 351
710 744
711 162
711 105
711 190
711 746
712 313
712 498
712 447
712 926
713 258
713 139
713 285
713 731
713 769
714 608
714 186
714 565
714 891
715 424
715 381
715 87
716 458
716 459
716 23
716 755
717 69
717 8
717 558
717 989
718 332
718 370
718 595
719 209
719 284
719 570
719 882
720 596
720 489
720 304
721 381
721 294
721 269
722 310
722 453
722 348
722 762
722 908
723 277
723 164
723 263
724 7
724 202
724 363
724 780
725 579
725 65
725 106
725 908
726 539
726 160
726 95
726 816
726 858
726 907
726 1002
727 154
727 588
727 504
728 384
728 128
728 132
728 782
729 609
729 379
729 530
729 758
729 879
729 897
730 707
730 179
730 127
730 806
731 713
731 646
731 230
731 754
731 998
732 320
732 427
732 486
732 929
733 273
733 400
733 142
733 793
734 270
734 217
734 121
734 879
735 383
735 134
735 379
735 821
736 617
736 110
736 351
737 695
737 71
737 117
738 488
738 113
738 293
738 741
738 795
739 309
739 121
739 36
740 148
740 69
740 523
740 763
741 738
741 270
741 295
741 833
742 539
742 605
742 337
742 923
743 129
743 338
743 386
743 985
744 710
744 452
744 678
745 36
745 657
745 599
746 672
746 545
746 711
747 44
747 122
747 12
748 93
748 379
748 670
749 689
749 475
749 49
749 962
750 444
750 443
750 190
750 809
750 829
750 859
751 275
751 439
751 708
752 592
752 28
752 508
752 812
752 856
752 862
752 913
752 996
753 643
753 692
753 567
753 814
753 863
753 973
754 731
754 547
754 556
755 716
755 658
755 53
755 774
756 358
756 139
756 97
756 846
757 324
757 74
757 474
758 729
758 218
758 291
758 791
759 73
759 586
759 269
759 778
759 952
760 480
760 205
760 247
761 544
761 343
761 246
761 873
762 391
762 722
762 308
762 900
763 684
763 158
763 740
763 860
763 956
763 977
764 210
764 433
764 390
765 279
765 527
765 336
766 544
766 218
766 84
766 832
767 642
767 223
767 273
767 784
768 388
768 209
768 347
769 713
769 263
769 623
769 874
770 328
770 385
770 669
770 990
771 363
771 663
771 652
771 787
771 851
771 864
772 255
772 145
772 160
773 463
773 708
773 126
773 802
774 664
774 147
774 755
775 645
775 678
775 285
775 994
776 675
776 141
776 656
777 202
777 174
777 671
778 759
778 4
778 52
779 213
779 210
779 44
780 724
780 109
780 372
780 966
781 326
781 68
781 479
782 592
782 705
782 728
782 916
783 613
783 367
783 283
783 868
784 404
784 674
784 767
785 58
785 160
785 577
786 687
786 74
786 424
786 985
787 771
787 709
787 501
788 287
788 302
788 546
789 294
789 462
789 410
790 697
790 688
790 27
790 917
791 687
791 758
791 444
792 370
792 607
792 59
793 733
793 242
793 98
794 108
794 633
794 672
795 110
795 72
795 738
795 845
795 974
796 235
796 661
796 678
796 952
797 492
797 678
797 174
797 886
798 410
798 104
798 585
799 120
799 631
799 188
799 999
800 362
800 652
800 343
800 877
801 578
801 313
801 640
802 455
802 773
802 327
803 601
803 412
803 237
804 14
804 256
804 22
804 832
804 926
805 191
805 678
805 178
806 730
806 414
806 646
807 396
807 610
807 595
807 862
808 250
808 437
808 652
808 905
809 167
809 646
809 750
809 916
810 26
810 459
810 358
810 891
811 700
811 467
811 681
812 363
812 752
812 485
813 686
813 169
813 440
813 936
814 114
814 647
814 753
815 334
815 487
815 257
816 436
816 726
816 130
817 692
817 403
817 198
818 435
818 98
818 413
819 231
819 5
819 488
820 564
820 64
820 467
821 735
821 18
821 3
821 919
821 950
822 519
822 659
822 445
822 927
822 982
822 994
823 689
823 43
823 263
823 950
823 968
824 249
824 12
824 105
824 923
825 370
825 489
825 134
825 933
826 327
826 62
826 507
827 205
827 368
827 640
828 45
828 126
828 471
828 873
828 899
829 750
829 10
829 642
830 524
830 207
830 91
830 916
831 32
831 337
831 466
832 766
832 567
832 804
832 896
832 995
833 741
833 577
833 227
834 486
834 226
834 121
835 447
835 533
835 295
835 963
836 87
836 93
836 306
837 71
837 245
837 312
838 351
838 118
838 627
838 857
839 111
839 169
839 633
840 649
840 664
840 626
841 275
841 696
841 414
842 27
842 673
842 17
843 697
843 516
843 288
843 970
844 465
844 505
844 566
844 995
845 177
845 795
845 616
846 756
846 180
846 267
846 878
846 896
846 970
847 610
847 644
847 427
848 564
848 396
848 106
848 971
849 60
849 381
849 661
849 904
850 414
850 638
850 635
851 426
851 771
851 493
852 14
852 323
852 320
853 429
853 196
853 622
853 855
854 643
854 219
854 644
855 554
855 853
855 340
856 505
856 694
856 752
857 188
857 86
857 838
857 865
857 917
858 145
858 726
858 196
858 969
859 117
859 750
859 413
859 921
860 677
860 763
860 342
861 180
861 549
861 412
862 752
862 187
862 807
863 42
863 753
863 614
864 196
864 771
864 656
864 875
864 930
865 857
865 331
865 469
866 449
866 245
866 227
867 278
867 592
867 557
868 783
868 573
868 497
869 366
869 469
869 300
869 972
870 358
870 136
870 144
870 909
871 393
871 568
871 82
871 981
872 596
872 346
872 328
872 986
873 761
873 828
873 704
874 196
874 769
874 379
875 420
875 864
875 692
876 104
876 162
876 556
877 800
877 371
877 430
877 909
878 846
878 531
878 124
879 734
879 729
879 542
880 617
880 518
880 506
880 961
881 659
881 232
881 286
882 255
882 215
882 719
882 990
883 664
883 81
883 525
884 129
884 124
884 212
885 39
885 474
885 337
886 797
886 696
886 599
886 955
887 383
887 297
887 37
888 614
888 687
888 618
888 933
889 60
889 545
889 197
890 7
890 586
890 350
890 922
890 932
891 353
891 714
891 810
891 946
892 347
892 399
892 56
893 231
893 46
893 566
894 647
894 167
894 645
895 456
895 477
895 396
896 832
896 846
896 541
896 953
897 61
897 326
897 729
898 139
898 354
898 642
898 925
899 118
899 346
899 828
900 618
900 762
900 209
901 87
901 385
901 420
902 230
902 85
902 320
903 708
903 498
903 217
903 924
904 261
904 50
904 849
905 508
905 808
905 612
905 972
906 398
906 178
906 38
907 726
907 385
907 23
908 722
908 725
908 446
909 870
909 407
909 877
909 918
910 442
910 156
910 171
911 503
911 635
911 253
911 953
912 278
912 459
912 138
913 667
913 131
913 752
914 449
914 617
914 189
914 942
914 966
915 448
915 300
915 640
916 809
916 830
916 782
917 857
917 593
917 790
917 988
918 909
918 574
918 465
919 821
919 563
919 680
920 253
920 94
920 244
921 283
921 859
921 666
922 294
922 890
922 545
923 742
923 824
923 326
924 618
924 903
924 663
925 898
925 370
925 173
926 804
926 712
926 83
927 822
927 534
927 569
928 535
928 254
928 248
929 278
929 496
929 732
930 286
930 864
930 398
931 648
931 39
931 247
932 63
932 680
932 890
933 825
933 888
933 65
934 145
934 17
934 79
935 621
935 636
935 100
936 474
936 813
936 113
936 985
937 664
937 223
937 620
938 615
938 320
938 183
939 162
939 661
939 146
940 420
940 34
940 166
941 42
941 88
941 487
942 620
942 381
942 914
943 16
943 254
943 411
944 432
944 595
944 702
945 179
945 409
945 155
946 699
946 633
946 891
947 340
947 456
947 421
948 565
948 214
948 327
949 272
949 558
949 582
950 329
950 823
950 821
951 560
951 414
951 120
952 641
952 796
952 759
953 896
953 112
953 911
954 319
954 648
954 284
955 440
955 253
955 886
956 763
956 92
956 173
957 21
957 609
957 145
958 387
958 125
958 594
959 655
959 99
959 351
960 108
960 561
960 606
961 880
961 23
961 123
962 511
962 749
962 415
963 452
963 272
963 835
963 980
964 16
964 27
964 518
965 679
965 325
965 309
966 15
966 780
966 914
967 216
967 530
967 383
968 823
968 595
968 280
969 268
969 858
969 481
970 12
970 843
970 846
971 189
971 474
971 848
972 905
972 148
972 869
973 701
973 588
973 753
974 795
974 289
974 124
975 387
975 261
975 623
976 665
976 641
976 369
977 570
977 50
977 763
978 82
978 321
978 63
978 1001
979 458
979 406
979 49
980 963
980 495
980 399
981 343
981 673
981 871
981 991
982 375
982 234
982 822
982 996
983 144
983 135
983 362
983 1004
984 47
984 558
984 314
985 936
985 743
985 786
986 53
986 872
986 65
987 106
987 523
987 590
988 454
988 253
988 917
989 195
989 717
989 335
990 770
990 115
990 882
991 981
991 5
991 180
992 675
992 465
992 64
993 226
993 534
993 450
994 604
994 775
994 822
995 844
995 663
995 832
996 35
996 752
996 982
997 701
997 73
997 230
998 580
998 497
998 731
999 464
999 799
999 388
1000 6
1000 89
1000 419
1001 177
1001 647
1001 978
1002 613
1002 726
1002 499
1003 296
1003 527
1003 615
1004 983
1004 369
1004 228
1005 588
1005 193
1005 573
